[bg.jpg]
filters=finetune2=1,0.000000,0.000000,0.000000,00000000,0.005848;finetune2=1,0.000000,0.000000,0.000000,00000000,-0.847953;radsat=1,0.513587,0.628713,1.000000,0.000000;
moddate=55b2c408f839d201
width=736
height=404
textactive=0
[bg.1.jpg]
filters=finetune2=1,0.000000,0.000000,0.000000,00000000,-0.730994;
moddate=5ba47f03f939d201
width=1024
height=791
textactive=0
